1 0.02
0.9 0.05
1 0.1
0.9 0.15
0.8 0.17
0.75 0.2
0.7 0.25
0.6 0.3
0.6 0.4
0.45 0.5
0.6 0.6
0.5 0.7
0.4 0.8
0.3 0.9
0.3 1.0
0.3 1.1
0.25 1.2
0.2 1.3
0.25 1.4
0.2 1.5
0.2 1.6
0.2 1.7
0.2 1.8
0.2 1.9
0.2 2.0
0.15 2.1
0.15 2.2
0.15 2.3
0.15 2.4
0.15 2.5
0.15 2.6
0.15 2.7
0.1 2.8
0.1 2.9
0.1 3.0
0.1 3.1
0.1 3.2
0.1 3.3
0.1 3.4
0.1 3.5
0.1 3.6
0.1 3.7
0.1 3.8
0.1 3.9
0.1 4.0
0.1 4.1
0.1 4.2
0.1 4.3
0.1 4.4
0.1 4.5
0.1 4.6
0.1 4.7
0.1 4.8
0.1 4.9
0.1 5.0
0.1 5.1
0.1 5.2
0.05 5.3
0.05 5.4
0.05 5.5
0.05 5.6
0.05 5.7
0.05 5.8
0.05 5.9
0.05 6
0.05 6.1
0.05 6.2
0.05 6.3
0.05 6.4
0.05 6.5
0.05 6.6
0.05 6.7
0.05 6.8
0.05 6.9
0.05 7
0.05 7.1
0.05 7.2
0.05 7.3
0.05 7.4
0.05 7.5
0.05 7.6
0.05 7.7
0.05 7.8
0.05 7.9
0.03 8.0
0.03 8.1
0.03 8.2
0.03 8.3
0.03 8.4
0.02 8.5
0.02 8.6
0.02 8.7
0.02 8.8
0.02 8.9
0 9

